1,90.64
2,91.74
3,92.65
4,94.4
5,95.39
6,94.24
7,96.200005
8,95.72
9,96.200005
10,96.55
11,96.97
12,96.93
13,96.310005
14,97.21
15,97.06
16,96.62
17,97.29
18,97.42
19,97.14
20,97.35
21,97.01
22,97.45
23,97.56
24,97.61
25,97.649994
26,96.93
27,97.19
28,97.549995
29,97.869995
30,97.77
31,97.729996
32,97.869995
33,97.79
34,98.009995
35,97.77
36,97.53999
37,97.93
38,97.78
39,98.04
40,97.84
41,97.71999
42,98.14
43,97.92
44,97.96
45,97.979996
46,98.119995
47,98.21
48,98.189995
49,98.15
50,98.17
51,98.159996
52,98.14
53,98.189995
54,98.229996
55,98.079994
56,98.18
57,98.22
58,98.259995
59,98.14
60,98.15
61,98.24
62,98.34
63,97.99
64,98.329994
65,98.2
66,98.409996
67,98.32
68,98.29
69,98.4
70,98.29
71,98.229996
72,98.4
73,98.2
74,98.38
75,98.38
76,98.32
77,98.25
78,98.299995
79,98.31
80,98.299995
81,98.46
82,98.29
83,98.45
84,98.36
85,98.229996
86,98.28
87,98.35
88,98.439995
89,98.409996
90,98.54
91,98.52
92,98.43
93,98.39
94,98.409996
95,98.34
96,98.35
97,98.439995
98,98.39
99,98.509995
100,98.509995
101,98.45
102,98.45
103,98.409996
104,98.479996
105,98.56
106,98.479996
107,98.53
108,98.58
109,98.43
110,98.52
111,98.5
112,98.61
113,98.5
114,98.509995
115,98.53
116,98.5
117,98.659996
118,98.509995
119,98.6
120,98.67
121,98.58
122,98.46
123,98.5
124,98.59
125,98.58
126,98.54
127,98.509995
128,98.54
129,98.58
130,98.509995
131,98.56
132,98.6
133,98.59
134,98.71
135,98.63
136,98.63
137,98.549995
138,98.53
139,98.549995
140,98.56
141,98.64
142,98.64
143,98.659996
144,98.689995
145,98.67
146,98.659996
147,98.659996
148,98.63
149,98.63
